1 3307616750 maka 1.32 38
2 1433456615 kielbasa 8.98 60
3 0954388243 CocaCola 8.43 56
4 5083167956 bulka 9.78 51
5 4671032827 wedlina 7.19 93
6 5969214642 czekolada 6.29 63
7 9710015210 czekolada 7.73 11
8 7997813377 cukier 6.01 62
9 5417296370 woda 2.24 14
10 9062924736 maslo 9.87 54
11 0895776362 salata 9.75 52
12 7090686904 cukier 5.88 90
13 0525148544 twarog 1.16 38
14 1019139922 twarog 3.31 67
15 2962830584 chleb 1.5 62
16 7298241076 kefir 1.99 93
17 1589847689 kefir 3.4 12
18 4662201854 szynka 8.64 100
19 6237476393 jogurt 6.02 18
20 5319824973 jablko 9.05 80
21 0210629153 ogorek 3.48 37
22 9637430774 szynka 3.83 70
23 4006815659 ogorek 8.03 76
24 5677391603 serek_wiejski 5.57 80
25 0459393794 kielbasa 7.92 59
26 2355551857 twarog 3.09 61
27 6502810213 papryka 4.26 82
28 4562030655 szynka 7.88 40
29 9973053331 maslo 9.07 24
30 4942452786 maslo 1.32 26
31 6215111589 maslo 7.97 92
32 6511971449 cebula 9.07 24
33 2233722599 chleb 5.64 87
34 9040004621 CocaCola 5.95 87
35 2996073966 papryka 9.74 65
36 3240558179 platki_owsiane 3.68 66
37 4841669975 parowki 5.7 93
38 9517996389 kielbasa 1.89 11
39 8240742264 jogurt 5.91 85
40 0491535188 chleb 4.01 100
41 1376455010 jablko 2.41 47
42 1563656198 paprykarz 5.7 61
43 9915996609 sok_pomaranczowy 3.9 97
44 6866613622 jablko 2.53 73
45 3490939658 platki_owsiane 4.4 62
46 2803399364 kefir 5.93 74
47 5107235272 serek_wiejski 4.19 14
48 6481728635 jogurt 4.31 35
49 7588409142 bulka 8.19 34
50 0746165090 chleb 1.41 23
51 0839919420 parowki 9.6 74
52 7217895356 papryka 3.61 39
53 0903711024 platki_owsiane 8.37 88
54 8857384861 chleb 5.47 28
55 2935864958 jablko 3.55 96
56 0582233404 jablko 4.9 80
57 6535533901 salata 9.86 13
58 7868449104 paprykarz 8.16 86
59 0599471919 cukier 9.8 66
60 0553341109 ogorek 6.39 68
61 7653967365 banany 5.25 53
62 0035389244 jablko 2.09 60
63 7935606754 pomidory 8.74 35
64 0416489620 bulka 10.35 51
65 3427411118 sok_pomaranczowy 4.97 63
66 6973139399 kielbasa 1.74 13
67 3745796339 cukier 6.86 55
68 5033046151 mleko 4.77 79
69 6736788227 CocaCola 10.85 79
70 4409700582 maka 6.66 61
71 3008022712 ogorek 3.1 93
72 4895747701 papryka 3.03 18
73 0427433199 banany 1.59 44
74 8475881883 chleb 3.26 75
75 3654108364 jablko 3.57 81
76 6283189062 ogorek 1.4 41
77 0600545240 CocaCola 2.03 23
78 5554711376 szynka 3.78 74
79 6695033304 bulka 7.83 65
80 3860224687 maka 2.11 93
81 8189312932 wedlina 2.43 55
82 9041152898 maslo 1.8 64
83 6049131734 paprykarz 8.76 100
84 5270663152 banany 1.83 59
85 1898632212 szynka 5.92 22
86 9950070690 parowki 2.87 62
87 5645477733 serek_wiejski 7.74 77
88 5065857024 maka 8.18 76
89 5465654754 papryka 10.93 35
90 2033428825 platki_owsiane 9.93 100
91 6890428827 paprykarz 9.0 74
92 8797152926 czekolada 4.25 75
93 1425141209 maslo 7.68 44
94 7902286232 kefir 4.38 13
95 2838063929 cukier 10.78 89
96 3188196424 jogurt 5.38 84
97 9189759719 papryka 10.51 97
98 4967299096 czekolada 2.02 76
99 8939495048 szynka 7.62 71
100 0963832420 banany 9.72 59
