1 1862653097 wedlina 2.26 58
2 8493253965 pomidory 5.9 97
3 5527667591 wedlina 8.3 73
4 8912771191 kapusta 7.27 16
5 8246509360 chleb 7.23 21
6 9263421823 jablko 10.57 34
7 8753554018 maka 9.49 28
8 4124429583 kefir 6.32 69
9 4616375835 platki_owsiane 3.87 76
10 2164422355 kapusta 10.57 18
11 4462027282 maka 7.9 81
12 5702784398 kielbasa 8.9 72
13 9759228573 wedlina 1.57 67
14 7105715739 parowki 5.26 33
15 9233167126 woda 7.38 16
16 5943011142 paprykarz 9.77 44
17 1994617993 parowki 4.5 80
18 8356127069 woda 4.1 52
19 8570168156 kefir 7.92 79
20 2370036453 kielbasa 7.77 67
21 8518416242 ogorek 5.0 44
22 9670907285 maslo 2.65 83
23 7133706336 maka 10.43 27
24 1160784427 mleko 8.38 30
25 9308451942 paprykarz 7.03 13
26 0550889595 kapusta 5.83 67
27 6838894487 serek_wiejski 1.64 78
28 7187020684 jogurt 1.53 24
29 2082101968 bulka 1.12 58
30 6036858836 paprykarz 9.19 87
31 6511241007 papryka 7.58 89
32 1948335684 serek_wiejski 10.57 92
33 9229361075 cukier 8.74 53
34 2127296007 CocaCola 3.36 95
35 1955404208 bulka 7.03 29
36 2245968887 papryka 5.19 79
37 1431338918 jogurt 5.96 41
38 3021991742 banany 8.1 61
39 2469926623 paprykarz 9.42 95
40 1190993737 kefir 4.41 58
41 9095066086 chleb 8.51 68
42 3117761329 platki_owsiane 10.48 77
43 9030713607 jablko 8.77 31
44 2238676041 parowki 5.07 71
45 5686686184 jogurt 3.48 11
46 6982369400 wedlina 5.05 86
47 8662478641 cebula 6.47 83
48 4572163798 pomidory 2.77 92
49 7297111299 pomidory 9.26 39
50 0493980011 bulka 8.39 31
51 5333352727 kielbasa 2.54 90
52 3288878964 serek_wiejski 1.74 31
53 2522464774 czekolada 5.31 83
54 2332223568 platki_owsiane 7.7 83
55 9493561715 kefir 2.88 94
56 7938463954 salata 10.24 97
57 3853490075 serek_wiejski 9.16 87
58 5699869818 banany 3.83 88
59 4811374164 bulka 10.43 100
60 6835995611 jablko 6.87 39
61 3616805644 papryka 8.08 72
62 7639535156 kapusta 2.13 88
63 2414967401 platki_owsiane 7.03 65
64 2424928322 szynka 9.14 92
65 6066820927 czekolada 2.68 21
66 1124824777 papryka 6.96 57
67 3735686805 wedlina 3.44 25
68 8566307610 mleko 2.02 56
69 3336596401 pomidory 10.74 62
70 0518420888 kapusta 7.87 40
71 8421866008 parowki 4.59 91
72 0252652963 maka 7.7 12
73 7060970683 pomidory 6.43 73
74 8070900193 paprykarz 10.01 94
75 5766486255 czekolada 1.71 52
76 9730774940 CocaCola 3.98 66
77 8672499425 chleb 2.65 69
78 1915055699 kapusta 3.42 90
79 1377922105 maslo 2.32 29
80 9297732856 sok_pomaranczowy 3.19 33
81 7970860541 cukier 1.3 77
82 9923359725 czekolada 4.28 19
83 6594338239 czekolada 4.06 22
84 1809941158 twarog 5.45 98
85 4430569239 jablko 2.01 86
86 4171356345 cebula 10.87 83
87 7380274533 wedlina 2.47 54
88 8265979271 platki_owsiane 5.2 78
89 4216876170 CocaCola 2.1 45
90 3767074644 parowki 2.03 35
91 3104191386 ogorek 7.21 15
92 1391903401 papryka 3.17 66
93 8455414960 banany 10.33 16
94 2797093023 jablko 1.14 74
95 4560618122 bulka 7.96 40
96 2803687564 maka 3.98 69
97 6371440999 bulka 8.1 29
98 4543745647 maka 6.82 62
99 6084593554 jablko 1.16 10
100 9584521600 kapusta 8.36 21
